14906391684844699610
11271022298037536544
11471588357590515619
15256447149346696254
18021152419471368493
894224376954414975
6939279508238158090
2473177398837671744
1500042479408429890
140318348774147850
9635817402664290443
17199749999170761378
476862029414530019
18444807237044592304
16759546367792072160
15054378804418375653
9791974547769813817
7411514733785699652
15345556920264037149
6426854863996998110
16271318740875030052
7404734376934655082
4586191376127148394
10382156613366039611
5161401904890524938
7910396204122684619
1761420975906134462
5136123320827399462
10372311491046233784
17892820277078407995
11316404850165261866
17224576119183002985
2385999220682741615
5693085179972678370
5750300634255990294
9352446349326748817
2551887705828053804
12901346640216188751
2186378070024952827
530239296821972281
16904630780735770879
9330064538151250943
3303639470431755754
11862411520150600908
8707305852747766698
6110359183477434362
8324363791195887429
